start=1315.600000
speed=1.948717
pause=yes
volume=90.000000
fullscreen=yes
