start=1336.001333
speed=2.853117
fullscreen=yes
