start=1410.867792
speed=1.610510
fullscreen=yes
