start=149.633333
volume=60.000000
fullscreen=yes
