start=2995.330000
speed=2.853117
pause=yes
volume=65.875000
fullscreen=yes
