start=55.681000
speed=1.331000
fullscreen=yes
