start=1344.517000
pause=yes
volume=87.500000
sid=1
