start=3187.226000
speed=1.948717
