start=27.866667
speed=1.610510
fullscreen=yes
