start=1816.600000
speed=1.948717
volume=61.250000
fullscreen=yes
sid=2
