start=2896.915000
pause=yes
volume=90.000000
