start=347.055000
speed=2.143589
volume=80.000000
aid=no
